"JCcc"
-299.2005
-298.9009
-298.6013
-298.3017
-298.0021
-297.7025
-297.4029
-297.1033
-296.803699999999
-296.504099999999
-296.204499999997
-295.904899999994
-295.605299999989
-295.305699999981
-295.006099999969
-294.706499999949
-294.40689999992
-294.107299999879
-293.807699999819
-293.508099999736
-293.208499999622
-292.908899999469
-292.609299999265
-292.309699998998
-292.010099998652
-291.710499998208
-291.410899997644
-291.111299996934
-290.81169999605
-290.512099994955
-290.21249999361
-289.91289999197
-289.613299989982
-289.313699987587
-289.014099984718
-288.714499981299
-288.414899977247
-288.115299972465
-287.815699966848
-287.516099960278
-287.216499952626
-286.916899943745
-286.617299933478
-286.317699921649
-286.018099908065
-285.718499892516
-285.418899874771
-285.119299854578
-284.819699831663
-284.52009980573
-284.220499776454
-283.920899743486
-283.621299706448
-283.321699664931
-283.022099618495
-282.722499566665
-282.422899508933
-282.12329944475
-281.823699373531
-281.524099294647
-281.224499207427
-280.924899111153
-280.625299005059
-280.325698888329
-280.026098760095
-279.726498619432
-279.426898465357
-279.12729829683
-278.827698112743
-278.528097911925
-278.228497693136
-277.928897455063
-277.629297196321
-277.329696915445
-277.030096610889
-276.730496281024
-276.430895924134
-276.131295538411
-275.831695121953
-275.532094672762
-275.232494188737
-274.932893667671
-274.633293107251
-274.333692505049
-274.034091858521
-273.734491165004
-273.434890421706
-273.135289625711
-272.835688773966
-272.536087863283
-272.23648689033
-271.936885851629
-271.637284743552
-271.337683562312
-271.038082303965
-270.738480964398
-270.438879539329
-270.139278024301
-269.839676414675
-269.540074705625
-269.240472892135
-268.940870968992
-268.64126893078
-268.341666771876
-268.042064486442
-267.74246206842
-267.442859511529
-267.143256809254
-266.843653954844
-266.544050941305
-266.244447761391
-265.944844407601
-265.645240872172
-265.34563714707
-265.046033223987
-264.746429094331
-264.446824749222
-264.147220179482
-263.847615375631
-263.548010327879
-263.248405026116
-262.948799459909
-262.649193618494
-262.349587490763
-262.049981065266
-261.750374330193
-261.450767273374
-261.151159882269
-260.851552143958
-260.551944045133
-260.252335572095
-259.952726710739
-259.653117446549
-259.35350776459
-259.053897649498
-258.754287085474
-258.454676056271
-258.155064545188
-257.855452535062
-257.555840008256
-257.256226946652
-256.956613331643
-256.65699914412
-256.357384364467
-256.057768972546
-255.758152947693
-255.458536268707
-255.158918913838
-254.859300860777
-254.559682086651
-254.260062568007
-253.960442280804
-253.660821200407
-253.361199301569
-253.061576558426
-252.761952944485
-252.462328432614
-252.162702995031
-251.863076603292
-251.563449228282
-251.263820840204
-250.964191408566
-250.664560902173
-250.364929289114
-250.065296536748
-249.765662611698
-249.466027479837
-249.166391106277
-248.866753455354
-248.567114490623
-248.26747417484
-247.967832469952
-247.668189337088
-247.368544736543
-247.068898627767
-246.769250969355
-246.469601719031
-246.169950833639
-245.870298269128
-245.570643980543
-245.270987922006
-244.971330046713
-244.671670306909
-244.372008653888
-244.07234503797
-243.772679408494
-243.473011713801
-243.173341901224
-242.873669917073
-242.573995706624
-242.274319214101
-241.974640382669
-241.674959154414
-241.375275470334
-241.075589270323
-240.775900493159
-240.476209076491
-240.176514956819
-239.87681806949
-239.577118348675
-239.27741572736
-238.977710137332
-238.678001509161
-238.378289772192
-238.078574854522
-237.778856682996
-237.479135183184
-237.17941027937
-236.879681894541
-236.579949950365
-236.280214367181
-235.980475063986
-235.680731958417
-235.380984966734
-235.081234003814
-234.781478983126
-234.481719816724
-234.181956415226
-233.882188687803
-233.582416542164
-233.282639884536
-232.982858619657
-232.683072650753
-232.383281879528
-232.083486206145
-231.783685529215
-231.483879745777
-231.184068751287
-230.8842524396
-230.584430702954
-230.284603431956
-229.984770515567
-229.684931841086
-229.385087294133
-229.085236758636
-228.785380116811
-228.485517249153
-228.185648034415
-227.885772349594
-227.585890069916
-227.28600106882
-226.98610521794
-226.686202387094
-226.386292444263
-226.08637525558
-225.786450685311
-225.48651859584
-225.186578847653
-224.886631299323
-224.586675807495
-224.286712226868
-223.986740410179
-223.686760208191
-223.386771469672
-223.086774041384
-222.786767768063
-222.486752492407
-222.186728055057
-221.886694294582
-221.586651047466
-221.286598148088
-220.986535428709
-220.686462719457
-220.386379848306
-220.086286641068
-219.786182921372
-219.486068510648
-219.185943228116
-218.885806890765
-218.585659313342
-218.285500308332
-217.985329685947
-217.685147254107
-217.384952818425
-217.084746182194
-216.784527146369
-216.484295509552
-216.18405106798
-215.883793615502
-215.583522943574
-215.283238841235
-214.982941095097
-214.682629489327
-214.382303805633
-214.081963823252
-213.781609318929
-213.481240066907
-213.18085583891
-212.880456404129
-212.580041529208
-212.279610978227
-211.979164512689
-211.678701891506
-211.378222870984
-211.077727204807
-210.777214644028
-210.476684937046
-210.176137829602
-209.875573064756
-209.574990382878
-209.274389521635
-208.973770215973
-208.673132198106
-208.372475197502
-208.07179894087
-207.771103152146
-207.470387552479
-207.169651860218
-206.8688957909
-206.568119057237
-206.267321369101
-205.966502433513
-205.66566195463
-205.364799633731
-205.063915169209
-204.763008256552
-204.462078588336
-204.161125854211
-203.860149740887
-203.559149932128
-203.258126108734
-202.957077948531
-202.656005126363
-202.354907314076
-202.053784180511
-201.752635391489
-201.451460609803
-201.150259495205
-200.849031704398
-200.547776891023
-200.24649470565
-199.945184795769
-199.643846805777
-199.34248037697
-199.041085147534
-198.739660752534
-198.438206823905
-198.136722990445
-197.8352088778
-197.533664108464
-197.232088301763
-196.930481073849
-196.628842037694
-196.327170803077
-196.025466976581
-195.723730161582
-195.421959958244
-195.120155963509
-194.818317771091
-194.516444971471
-194.214537151886
-193.912593896328
-193.610614785533
-193.308599396977
-193.006547304869
-192.704458080147
-192.402331290471
-192.10016650022
-191.797963270484
-191.495721159061
-191.193439720451
-190.891118505857
-190.588757063171
-190.286354936981
-189.983911668561
-189.681426795866
-189.378899853537
-189.07633037289
-188.773717881918
-188.471061905287
-188.168361964334
-187.865617577065
-187.562828258156
-187.259993518949
-186.957112867449
-186.654185808331
-186.35121184293
-186.048190469249
-185.745121181953
-185.442003472374
-185.138836828509
-184.835620735022
-184.532354673245
-184.22903812118
-183.925670553499
-183.622251441551
-183.31878025336
-183.015256453627
-182.711679503739
-182.408048861767
-182.104363982472
-181.800624317309
-181.496829314431
-181.192978418693
-180.889071071661
-180.585106711612
-180.281084773544
-179.977004689179
-179.672865886974
-179.368667792121
-179.06440982656
-178.760091408986
-178.455711954853
-178.151270876388
-177.846767582593
-177.542201479259
-177.237571968975
-176.932878451135
-176.628120321952
-176.323296974463
-176.018407798547
-175.71345218093
-175.4084295052
-175.103339151818
-174.798180498134
-174.492952918391
-174.187655783751
-173.882288462296
-173.576850319052
-173.271340715997
-172.965759012081
-172.660104563238
-172.354376722401
-172.048574839524
-171.742698261593
-171.436746332643
-171.130718393781
-170.8246137832
-170.518431836197
-170.212171885194
-169.905833259756
-169.599415286613
-169.292917289677
-168.986338590067
-168.679678506125
-168.372936353443
-168.066111444883
-167.759203090597
-167.452210598058
-167.145133272073
-166.837970414817
-166.530721325852
-166.223385302154
-165.915961638139
-165.608449625688
-165.300848554175
-164.993157710494
-164.685376379085
-164.377503841968
-164.069539378762
-163.761482266726
-163.453331780779
-163.145087193536
-162.836747775337
-162.528312794281
-162.219781516254
-161.911153204966
-161.602427121979
-161.293602526747
-160.984678676648
-160.675654827014
-160.366530231176
-160.057304140491
-159.747975804385
-159.438544470387
-159.129009384168
-158.819369789579
-158.509624928692
-158.199774041835
-157.889816367638
-157.579751143071
-157.269577603486
-156.959294982657
-156.648902512827
-156.338399424749
-156.027784947729
-155.717058309673
-155.406218737132
-155.095265455346
-154.784197688292
-154.473014658733
-154.161715588262
-153.850299697355
-153.538766205416
-153.227114330831
-152.915343291016
-152.603452302469
-152.291440580823
-151.979307340898
-151.667051796753
-151.354673161742
-151.042170648569
-150.729543469342
-150.41679083563
-150.103911958521
-149.790906048678
-149.477772316398
-149.164509971671
-148.85111822424
-148.537596283664
-148.223943359375
-147.910158660742
-147.596241397135
-147.282190777987
-146.968006012861
-146.653686311511
-146.339230883952
-146.024638940524
-145.709909691961
-145.395042349458
-145.080036124742
-144.764890230139
-144.449603878648
-144.13417628401
-143.818606660782
-143.502894224408
-143.187038191295
-142.871037778886
-142.554892205738
-142.238600691595
-141.922162457469
-141.605576725715
-141.288842720111
-140.971959665939
-140.654926790062
-140.337743321013
-140.020408489067
-139.702921526332
-139.385281666833
-139.067488146591
-138.749540203715
-138.431437078485
-138.113178013443
-137.794762253479
-137.476189045921
-137.157457640625
-136.838567290067
-136.519517249438
-136.20030677673
-135.880935132837
-135.561401581647
-135.241705390139
-134.921845828477
-134.601822170114
-134.281633691883
-133.961279674104
-133.640759400678
-133.320072159197
-132.999217241038
-132.678193941471
-132.357001559766
-132.035639399293
-131.714106767632
-131.392402976682
-131.070527342766
-130.748479186744
-130.426257834121
-130.103862615161
-129.781292864997
-129.458547923748
-129.135627136633
-128.812529854083
-128.489255431865
-128.165803231193
-127.84217261885
-127.518362967311
-127.194373654858
-126.870204065706
-126.545853590129
-126.221321624576
-125.896607571805
-125.571710841006
-125.246630847928
-124.921367015009
-124.595918771506
-124.270285553624
-123.944466804652
-123.618461975093
-123.2922705228
-122.965891913109
-122.63932561898
-122.312571121132
-121.985627908181
-121.658495476785
-121.331173331777
-121.003660986318
-120.675957962032
-120.348063789154
-120.019978006678
-119.691700162502
-119.363229813574
-119.034566526049
-118.705709875431
-118.376659446734
-118.047414834628
-117.717975643596
-117.388341488091
-117.058511992694
-116.728486792267
-116.398265532118
-116.06784786816
-115.737233467072
-115.406422006462
-115.075413175036
-114.744206672758
-114.412802211019
-114.081199512809
-113.749398312881
-113.417398357928
-113.085199406749
-112.752801230428
-112.420203612508
-112.087406349163
-111.754409249382
-111.421212135143
-111.087814841598
-110.754217217249
-110.420419124135
-110.086420438016
-109.752221048558
-109.417820859522
-109.083219788947
-108.748417769349
-108.413414747902
-108.07821068664
-107.742805562645
-107.407199368246
-107.071392111212
-106.735383814957
-106.399174518731
-106.062764277829
-105.726153163791
-105.389341264604
-105.052328684909
-104.715115546211
-104.377701987083
-104.040088163377
-103.70227424844
-103.364260433319
-103.026046926982
-102.687633956531
-102.349021767421
-102.010210623677
-101.671200808116
-101.331992622568
-100.9925863881
-100.652982445243
-100.313181154213
-99.9731828951454
-99.6329880683214
-99.2925970943995
-98.9520104146491
-98.6112284911841
-98.2702518071995
-97.9290808672084
-97.5877161972817
-97.2461583452883
-96.9044078811378
-96.5624653970243
-96.2203315076719
-95.8780068505821
-95.5354920862826
-95.1927878985775
-94.8498949947996
-94.5068141060641
-94.1635459875242
-93.8200914186279
-93.4764512033767
-93.1326261705864
-92.7886171741487
-92.4444250932956
-92.1000508328641
-91.7554953235641
-91.4107595222469
-91.0658444121759
-90.720751003299
-90.3754803325226
-90.0300334639872
-89.6844114893453
-89.3386155280406
-88.9926467275888
-88.6465062638606
-88.3001953413661
-87.9537151935415
-87.607067083037
-87.2602523020063
-86.9132721723993
-86.5661280462548
-86.2188213059959
-85.8713533647276
-85.5237256665353
-85.1759396867857
-84.8279969324299
-84.479898942307
-84.1316472874512
-83.7832435713996
-83.4346894305023
-83.0859865342345
-82.7371365855098
-82.3881413209965
-82.039002511435
-81.6897219619569
-81.3403015124067
-80.9907430376652
-80.6410484479744
-80.2912196892647
-79.9412587434843
-79.5911676289298
-79.2409484005791
-78.890603150427
-78.5401340078213
-78.189543139802
-77.838832751442
-77.4880050861901
-77.1370624262156
-76.7860070927551
-76.4348414464614
-76.0835678877544
-75.7321888571735
-75.3807068357329
-75.0291243452783
-74.6774439488459
-74.3256682510231
-73.9737998983121
-73.6218415794943
-73.269796025998
-72.9176660122672
-72.5654543561335
-72.2131639191889
-71.8607976071616
-71.5083583702936
-71.1558492037204
-70.803273147853
-70.4506332887615
-70.0979327585617
-69.7451747358029
-69.3923624458585
-69.0394991613187
-68.686588202385
-68.3336329372672
-67.9806367825825
-67.6276032037566
-67.2745357154275
-66.9214378818507
-66.5683133173074
-66.2151656865145
-65.861998705037
-65.5088161397022
-65.1556218090171
-64.8024195835866
-64.4492133865356
-64.096007193932
-63.7428050352127
-63.3896109936118
-63.0364292065906
-62.6832638662707
-62.3301192198688
-61.976999570134
-61.6239092757872
-61.2708527519632
-60.917834470655
-60.5648589611602
-60.2119308105301
-59.8590546640208
-59.5062352255469
-59.1534772581377
-58.8007855843953
-58.4481650869557
-58.0956207089514
-57.7431574544777
-57.3907803890602
-57.0384946401251
-56.6863053974725
-56.3342179137512
-55.9822375049365
-55.6303695508105
-55.2786194954443
-54.9269928476835
-54.5754951816354
-54.2241321371592
-53.8729094203583
-53.5218328040754
-53.1709081283898
-52.8201413011178
-52.4695382983146
-52.11910516478
-51.7688480145654
-51.4187730314842
-51.0688864696244
-50.7191946538638
-50.369703980388
-50.0204209172103
-49.6713520046949
-49.3225038560827
-48.9738831580189
-48.6254966710841
-48.2773512303276
-47.9294537458033
-47.5818112031081
-47.2344306639237
-46.88731926656
-46.5404842265018
-46.1939328369581
-45.8476724694138
-45.5017105741844
-45.1560546809732
-44.8107123994313
-44.4656914197201
-44.1209995130769
-43.7766445323828
-43.4326344127334
-43.0889771720128
-42.7456809114694
-42.4027538162954
-42.0602041562081
-41.7180402860349
-41.3762706463005
-41.0349037638172
-40.6939482522777
-40.3534128128506
-40.0133062347797
-39.6736373959847
-39.3344152636657
-38.9956488949101
-38.6573474373028
-38.3195201295387
-37.9821763020383
-37.6453253775664
-37.3089768718534
-36.9731403942194
-36.6378256482014
-36.3030424321838
-35.9688006400306
-35.6351102617219
-35.3019813839928
-34.9694241909745
-34.6374489648397
-34.3060660864501
-33.9752860360069
-33.6451193937044
-33.315576840387
-32.9866691582083
-32.658407231294
-32.3308020464073
-32.0038646936178
-31.6776063669729
-31.3520383651726
-31.0271720922474
-30.7030190582387
-30.3795908798828
-30.056899281298
-29.7349560946745
-29.4137732609674
-29.093362830593
-28.7737369641277
-28.4549079330112
-28.1368881202513
-27.8196900211327
-27.503326243929
-27.1878095106177
-26.8731526575979
-26.559368636412
-26.2464705144699
-25.9344714757768
-25.6233848216638
-25.3132239715222
-25.0040024635406
-24.6957339554453
-24.3884322252443
-24.0821111719738
-23.7767848164487
-23.472467302016
-23.1691728953114
-22.8669159870193
-22.5657110926363
-22.2655728532374
-21.9665160362461
-21.6685555362075
-21.3717063755648
-21.0759837054392
-20.781402806413
-20.487979089316
-20.1957280960156
-19.9046655002099
-19.6148071082243
-19.3261688598117
-19.0387668289554
-18.7526172246766
-18.4677363918439
-18.1841408119875
-17.9018471041159
-17.6208720255365
-17.3412324726796
-17.0629454819258
-16.7860282304368
-16.5104980369898
-16.2363723628154
-15.9636688124388
-15.6924051345249
-15.4225992227261
-15.154269116535
-14.887433002139
-14.6221092132799
-14.3583162321159
-14.0960726900881
-13.8353973687897
-13.5763092008398
-13.3188272707596
-13.0629708158532
-12.8087592270914
-12.5562120499996
-12.3053489855489
-12.0561898910507
-11.808754781056
-11.563063828257
-11.3191373643929
-11.0769958811601
-10.8366600311248
-10.5981506286402
-10.361488650767
-10.1266952381979
-9.89379169618568
-9.66279949547479
-9.43374027323712
-9.20663583401117
-8.98150815064518
-8.75837936524391
-8.53727179011931
-8.31820790874488
-8.10121037671388
-7.8863020227014
-7.67350584943011
-7.46284503464002
-7.25434293206193
-7.04802307239481
-6.843909164287
-6.64202509532133
-6.44239493300406
-6.24504292575776
-6.049993503918
-5.8572712807341
-5.66690105337367
-5.47890780393113
-5.29331670044014
-5.11015309789002
-4.92944253924609
-4.751210756474
-4.57548367156804
-4.40228739758342
-4.23164823967254
-4.06359269612534
-3.89814745941355
-3.73533941723909
-3.57519565358638
-3.41774344977886
-3.26301028553937
-3.11102384005481
-2.96181199304469
-2.81540282583388
-2.67182462242946
-2.53110587060158
-2.39327526296856
-2.25836169808606
-2.12639428154036
-1.99740232704584
-1.87141535754663
-1.74846310632234
-1.6285755180981
-1.51178275015865
-1.39811517346675
-1.28760337378573
-1.18027815280628
-1.07617052927747
-0.975311740142015
-0.877733241675792
-0.783466710631596
-0.692544045387202
-0.604997367097682
-0.520859020852031
-0.440161576834085
-0.362937831487757
-0.289220808686596
-0.219043760907676
-0.152440170409835
-0.0894437504162642
-0.0300884463014619
0.0255915632174359
0.0775618648849375
0.125787809707086
0.170234511746939
0.210866846915635
0.247649451759028
0.280546722239887
0.309522812515649
0.334541633711706
0.355566852690232
0.372561890814521
0.385489922708839
0.394313875013778
0.398996425137088
0.3995
