"JCcc","RPcc","p1","JCcc.1","RPcc.1"
-299.2005,292.7075,0,0.3995,0.491
-298.9009,292.41529115,0.001,0.3995,0.491
-298.6013,292.1230823,0.002,0.3995,0.491
-298.3017,291.83087345,0.003,0.3995,0.491
-298.0021,291.5386646,0.004,0.3995,0.491
-297.7025,291.24645575,0.005,0.3995,0.491
-297.4029,290.9542469,0.00600000000000001,0.3995,0.491
-297.1033,290.66203805,0.00700000000000001,0.3995,0.491
-296.803699999999,290.369829199999,0.00800000000000001,0.3995,0.491
-296.504099999999,290.077620349999,0.00900000000000001,0.3995,0.491
-296.204499999997,289.785411499997,0.01,0.3995,0.491
-295.904899999994,289.493202649994,0.011,0.3995,0.491
-295.605299999989,289.200993799989,0.012,0.3995,0.491
-295.305699999981,288.908784949981,0.013,0.3995,0.491
-295.006099999969,288.616576099969,0.014,0.3995,0.491
-294.706499999949,288.324367249949,0.015,0.3995,0.491
-294.40689999992,288.03215839992,0.016,0.3995,0.491
-294.107299999879,287.739949549878,0.017,0.3995,0.491
-293.807699999819,287.447740699819,0.018,0.3995,0.491
-293.508099999736,287.155531849736,0.019,0.3995,0.491
-293.208499999622,286.863322999622,0.02,0.3995,0.491
-292.908899999469,286.571114149469,0.021,0.3995,0.491
-292.609299999265,286.278905299265,0.022,0.3995,0.491
-292.309699998998,285.986696448998,0.023,0.3995,0.491
-292.010099998652,285.694487598652,0.024,0.3995,0.491
-291.710499998208,285.402278748208,0.025,0.3995,0.491
-291.410899997644,285.110069897644,0.026,0.3995,0.491
-291.111299996934,284.817861046934,0.027,0.3995,0.491
-290.81169999605,284.52565219605,0.028,0.3995,0.491
-290.512099994955,284.233443344955,0.029,0.3995,0.491
-290.21249999361,283.94123449361,0.03,0.3995,0.491
-289.91289999197,283.64902564197,0.031,0.3995,0.491
-289.613299989982,283.356816789982,0.032,0.3995,0.491
-289.313699987587,283.064607937587,0.033,0.3995,0.491
-289.014099984718,282.772399084717,0.034,0.3995,0.491
-288.714499981299,282.480190231299,0.035,0.3995,0.491
-288.414899977247,282.187981377246,0.036,0.3995,0.491
-288.115299972465,281.895772522464,0.037,0.3995,0.491
-287.815699966848,281.603563666847,0.038,0.3995,0.491
-287.516099960278,281.311354810277,0.039,0.3995,0.491
-287.216499952626,281.019145952624,0.04,0.3995,0.491
-286.916899943745,280.726937093744,0.041,0.3995,0.491
-286.617299933478,280.434728233476,0.042,0.3995,0.491
-286.317699921649,280.142519371647,0.043,0.3995,0.491
-286.018099908065,279.850310508063,0.044,0.3995,0.491
-285.718499892516,279.558101642513,0.045,0.3995,0.491
-285.418899874771,279.265892774767,0.046,0.3995,0.491
-285.119299854578,278.973683904573,0.047,0.3995,0.491
-284.819699831663,278.681475031658,0.048,0.3995,0.491
-284.52009980573,278.389266155724,0.049,0.3995,0.491
-284.220499776454,278.097057276448,0.05,0.3995,0.491
-283.920899743486,277.804848393479,0.051,0.3995,0.491
-283.621299706448,277.512639506439,0.052,0.3995,0.491
-283.321699664931,277.220430614921,0.053,0.3995,0.491
-283.022099618495,276.928221718484,0.054,0.3995,0.491
-282.722499566665,276.636012816652,0.055,0.3995,0.491
-282.422899508933,276.343803908918,0.056,0.3995,0.491
-282.12329944475,276.051594994733,0.0570000000000001,0.3995,0.491
-281.823699373531,275.759386073512,0.0580000000000001,0.3995,0.491
-281.524099294647,275.467177144626,0.0589999999999999,0.3995,0.491
-281.224499207427,275.174968207403,0.0600000000000001,0.3995,0.491
-280.924899111153,274.882759261126,0.0609999999999999,0.3995,0.491
-280.625299005059,274.590550305029,0.0620000000000001,0.3995,0.491
-280.325698888329,274.298341338296,0.0629999999999999,0.3995,0.491
-280.026098760095,274.006132360058,0.0640000000000001,0.3995,0.491
-279.726498619432,273.71392336939,0.0649999999999999,0.3995,0.491
-279.426898465357,273.421714365311,0.0660000000000001,0.3995,0.491
-279.12729829683,273.129505346779,0.0669999999999999,0.3995,0.491
-278.827698112743,272.837296312686,0.0680000000000001,0.3995,0.491
-278.528097911925,272.545087261862,0.069,0.3995,0.491
-278.228497693136,272.252878193066,0.0700000000000001,0.3995,0.491
-277.928897455063,271.960669104987,0.071,0.3995,0.491
-277.629297196321,271.668459996237,0.072,0.3995,0.491
-277.329696915445,271.376250865352,0.073,0.3995,0.491
-277.030096610889,271.084041710787,0.074,0.3995,0.491
-276.730496281024,270.791832530912,0.075,0.3995,0.491
-276.430895924134,270.499623324011,0.076,0.3995,0.491
-276.131295538411,270.207414088276,0.077,0.3995,0.491
-275.831695121953,269.915204821806,0.078,0.3995,0.491
-275.532094672762,269.622995522602,0.079,0.3995,0.491
-275.232494188737,269.330786188562,0.08,0.3995,0.491
-274.932893667671,269.03857681748,0.081,0.3995,0.491
-274.633293107251,268.746367407043,0.082,0.3995,0.491
-274.333692505049,268.454157954823,0.083,0.3995,0.491
-274.034091858521,268.161948458276,0.084,0.3995,0.491
-273.734491165004,267.869738914737,0.085,0.3995,0.491
-273.434890421706,267.577529321417,0.086,0.3995,0.491
-273.135289625711,267.285319675398,0.087,0.3995,0.491
-272.835688773966,266.993109973627,0.088,0.3995,0.491
-272.536087863283,266.700900212917,0.089,0.3995,0.491
-272.23648689033,266.408690389934,0.09,0.3995,0.491
-271.936885851629,266.116480501202,0.091,0.3995,0.491
-271.637284743552,265.824270543091,0.092,0.3995,0.491
-271.337683562312,265.532060511816,0.093,0.3995,0.491
-271.038082303965,265.23985040343,0.094,0.3995,0.491
-270.738480964398,264.947640213823,0.095,0.3995,0.491
-270.438879539329,264.655429938711,0.096,0.3995,0.491
-270.139278024301,264.363219573637,0.097,0.3995,0.491
-269.839676414675,264.071009113962,0.098,0.3995,0.491
-269.540074705625,263.778798554861,0.099,0.3995,0.491
-269.240472892135,263.486587891316,0.1,0.3995,0.491
-268.940870968992,263.194377118115,0.101,0.3995,0.491
-268.64126893078,262.902166229842,0.102,0.3995,0.491
-268.341666771876,262.609955220872,0.103,0.3995,0.491
-268.042064486442,262.317744085368,0.104,0.3995,0.491
-267.74246206842,262.025532817273,0.105,0.3995,0.491
-267.442859511529,261.733321410304,0.106,0.3995,0.491
-267.143256809254,261.441109857948,0.107,0.3995,0.491
-266.843653954844,261.148898153452,0.108,0.3995,0.491
-266.544050941305,260.856686289821,0.109,0.3995,0.491
-266.244447761391,260.56447425981,0.11,0.3995,0.491
-265.944844407601,260.272262055919,0.111,0.3995,0.491
-265.645240872172,259.980049670382,0.112,0.3995,0.491
-265.34563714707,259.687837095168,0.113,0.3995,0.491
-265.046033223987,259.395624321966,0.114,0.3995,0.491
-264.746429094331,259.103411342185,0.115,0.3995,0.491
-264.446824749222,258.811198146944,0.116,0.3995,0.491
-264.147220179482,258.518984727066,0.117,0.3995,0.491
-263.847615375631,258.226771073069,0.118,0.3995,0.491
-263.548010327879,257.934557175163,0.119,0.3995,0.491
-263.248405026116,257.642343023239,0.12,0.3995,0.491
-262.948799459909,257.350128606864,0.121,0.3995,0.491
-262.649193618494,257.057913915271,0.122,0.3995,0.491
-262.349587490763,256.765698937354,0.123,0.3995,0.491
-262.049981065266,256.473483661661,0.124,0.3995,0.491
-261.750374330193,256.181268076384,0.125,0.3995,0.491
-261.450767273374,255.889052169351,0.126,0.3995,0.491
-261.151159882269,255.596835928022,0.127,0.3995,0.491
-260.851552143958,255.304619339475,0.128,0.3995,0.491
-260.551944045133,255.012402390404,0.129,0.3995,0.491
-260.252335572095,254.720185067108,0.13,0.3995,0.491
-259.952726710739,254.427967355483,0.131,0.3995,0.491
-259.653117446549,254.135749241011,0.132,0.3995,0.491
-259.35350776459,253.843530708757,0.133,0.3995,0.491
-259.053897649498,253.551311743358,0.134,0.3995,0.491
-258.754287085474,253.259092329013,0.135,0.3995,0.491
-258.454676056271,252.966872449474,0.136,0.3995,0.491
-258.155064545188,252.674652088041,0.137,0.3995,0.491
-257.855452535062,252.382431227549,0.138,0.3995,0.491
-257.555840008256,252.090209850361,0.139,0.3995,0.491
-257.256226946652,251.79798793836,0.14,0.3995,0.491
-256.956613331643,251.505765472937,0.141,0.3995,0.491
-256.65699914412,251.213542434982,0.142,0.3995,0.491
-256.357384364467,250.921318804878,0.143,0.3995,0.491
-256.057768972546,250.629094562488,0.144,0.3995,0.491
-255.758152947693,250.336869687147,0.145,0.3995,0.491
-255.458536268707,250.044644157653,0.146,0.3995,0.491
-255.158918913838,249.752417952255,0.147,0.3995,0.491
-254.859300860777,249.460191048644,0.148,0.3995,0.491
-254.559682086651,249.167963423945,0.149,0.3995,0.491
-254.260062568007,248.875735054705,0.15,0.3995,0.491
-253.960442280804,248.583505916884,0.151,0.3995,0.491
-253.660821200407,248.291275985844,0.152,0.3995,0.491
-253.361199301569,247.999045236337,0.153,0.3995,0.491
-253.061576558426,247.7068136425,0.154,0.3995,0.491
-252.761952944485,247.414581177839,0.155,0.3995,0.491
-252.462328432614,247.122347815219,0.156,0.3995,0.491
-252.162702995031,246.830113526859,0.157,0.3995,0.491
-251.863076603292,246.537878284314,0.158,0.3995,0.491
-251.563449228282,246.245642058469,0.159,0.3995,0.491
-251.263820840204,245.953404819523,0.16,0.3995,0.491
-250.964191408566,245.661166536987,0.161,0.3995,0.491
-250.664560902173,245.368927179662,0.162,0.3995,0.491
-250.364929289114,245.076686715636,0.163,0.3995,0.491
-250.065296536748,244.784445112269,0.164,0.3995,0.491
-249.765662611698,244.492202336182,0.165,0.3995,0.491
-249.466027479837,244.199958353247,0.166,0.3995,0.491
-249.166391106277,243.907713128574,0.167,0.3995,0.491
-248.866753455354,243.6154666265,0.168,0.3995,0.491
-248.567114490623,243.323218810577,0.169,0.3995,0.491
-248.26747417484,243.03096964356,0.17,0.3995,0.491
-247.967832469952,242.738719087396,0.171,0.3995,0.491
-247.668189337088,242.446467103211,0.172,0.3995,0.491
-247.368544736543,242.154213651301,0.173,0.3995,0.491
-247.068898627767,241.861958691113,0.174,0.3995,0.491
-246.769250969355,241.569702181241,0.175,0.3995,0.491
-246.469601719031,241.277444079409,0.176,0.3995,0.491
-246.169950833639,240.985184342458,0.177,0.3995,0.491
-245.870298269128,240.692922926337,0.178,0.3995,0.491
-245.570643980543,240.400659786087,0.179,0.3995,0.491
-245.270987922006,240.108394875833,0.18,0.3995,0.491
-244.971330046713,239.816128148765,0.181,0.3995,0.491
-244.671670306909,239.52385955713,0.182,0.3995,0.491
-244.372008653888,239.231589052218,0.183,0.3995,0.491
-244.07234503797,238.939316584348,0.184,0.3995,0.491
-243.772679408494,238.647042102858,0.185,0.3995,0.491
-243.473011713801,238.354765556088,0.186,0.3995,0.491
-243.173341901224,238.062486891368,0.187,0.3995,0.491
-242.873669917073,237.770206055008,0.188,0.3995,0.491
-242.573995706624,237.477922992281,0.189,0.3995,0.491
-242.274319214101,237.18563764741,0.19,0.3995,0.491
-241.974640382669,236.893349963556,0.191,0.3995,0.491
-241.674959154414,236.601059882806,0.192,0.3995,0.491
-241.375275470334,236.308767346154,0.193,0.3995,0.491
-241.075589270323,236.016472293495,0.194,0.3995,0.491
-240.775900493159,235.724174663603,0.195,0.3995,0.491
-240.476209076491,235.431874394124,0.196,0.3995,0.491
-240.176514956819,235.139571421559,0.197,0.3995,0.491
-239.87681806949,234.84726568125,0.198,0.3995,0.491
-239.577118348675,234.554957107367,0.199,0.3995,0.491
-239.27741572736,234.262645632896,0.2,0.3995,0.491
-238.977710137332,233.970331189619,0.201,0.3995,0.491
-238.678001509161,233.678013708106,0.202,0.3995,0.491
-238.378289772192,233.385693117696,0.203,0.3995,0.491
-238.078574854522,233.093369346489,0.204,0.3995,0.491
-237.778856682996,232.801042321324,0.205,0.3995,0.491
-237.479135183184,232.50871196777,0.206,0.3995,0.491
-237.17941027937,232.216378210109,0.207,0.3995,0.491
-236.879681894541,231.924040971324,0.208,0.3995,0.491
-236.579949950365,231.631700173082,0.209,0.3995,0.491
-236.280214367181,231.33935573572,0.21,0.3995,0.491
-235.980475063986,231.047007578231,0.211,0.3995,0.491
-235.680731958417,230.754655618248,0.212,0.3995,0.491
-235.380984966734,230.462299772033,0.213,0.3995,0.491
-235.081234003814,230.169939954456,0.214,0.3995,0.491
-234.781478983126,229.877576078986,0.215,0.3995,0.491
-234.481719816724,229.585208057672,0.216,0.3995,0.491
-234.181956415226,229.292835801131,0.217,0.3995,0.491
-233.882188687803,229.000459218531,0.218,0.3995,0.491
-233.582416542164,228.708078217576,0.219,0.3995,0.491
-233.282639884536,228.415692704493,0.22,0.3995,0.491
-232.982858619657,228.123302584015,0.221,0.3995,0.491
-232.683072650753,227.830907759366,0.222,0.3995,0.491
-232.383281879528,227.538508132246,0.223,0.3995,0.491
-232.083486206145,227.246103602816,0.224,0.3995,0.491
-231.783685529215,226.953694069682,0.225,0.3995,0.491
-231.483879745777,226.661279429883,0.226,0.3995,0.491
-231.184068751287,226.368859578868,0.227,0.3995,0.491
-230.8842524396,226.07643441049,0.228,0.3995,0.491
-230.584430702954,225.784003816984,0.229,0.3995,0.491
-230.284603431956,225.491567688954,0.23,0.3995,0.491
-229.984770515567,225.199125915356,0.231,0.3995,0.491
-229.684931841086,224.906678383487,0.232,0.3995,0.491
-229.385087294133,224.614224978962,0.233,0.3995,0.491
-229.085236758636,224.321765585706,0.234,0.3995,0.491
-228.785380116811,224.029300085932,0.235,0.3995,0.491
-228.485517249153,223.73682836013,0.236,0.3995,0.491
-228.185648034415,223.44435028705,0.237,0.3995,0.491
-227.885772349594,223.151865743684,0.238,0.3995,0.491
-227.585890069916,222.859374605256,0.239,0.3995,0.491
-227.28600106882,222.566876745198,0.24,0.3995,0.491
-226.98610521794,222.274372035143,0.241,0.3995,0.491
-226.686202387094,221.981860344903,0.242,0.3995,0.491
-226.386292444263,221.689341542456,0.243,0.3995,0.491
-226.08637525558,221.39681549393,0.244,0.3995,0.491
-225.786450685311,221.104282063587,0.245,0.3995,0.491
-225.48651859584,220.811741113805,0.246,0.3995,0.491
-225.186578847653,220.519192505068,0.247,0.3995,0.491
-224.886631299323,220.226636095944,0.248,0.3995,0.491
-224.586675807495,219.934071743072,0.249,0.3995,0.491
-224.286712226868,219.641499301147,0.25,0.3995,0.491
-223.986740410179,219.348918622903,0.251,0.3995,0.491
-223.686760208191,219.056329559096,0.252,0.3995,0.491
-223.386771469672,218.76373195849,0.253,0.3995,0.491
-223.086774041384,218.471125667842,0.254,0.3995,0.491
-222.786767768063,218.178510531884,0.255,0.3995,0.491
-222.486752492407,217.885886393307,0.256,0.3995,0.491
-222.186728055057,217.593253092748,0.257,0.3995,0.491
-221.886694294582,217.300610468772,0.258,0.3995,0.491
-221.586651047466,217.007958357856,0.259,0.3995,0.491
-221.286598148088,216.715296594375,0.26,0.3995,0.491
-220.986535428709,216.422625010584,0.261,0.3995,0.491
-220.686462719457,216.129943436604,0.262,0.3995,0.491
-220.386379848306,215.837251700407,0.263,0.3995,0.491
-220.086286641068,215.544549627797,0.264,0.3995,0.491
-219.786182921372,215.251837042397,0.265,0.3995,0.491
-219.486068510648,214.959113765632,0.266,0.3995,0.491
-219.185943228116,214.666379616717,0.267,0.3995,0.491
-218.885806890765,214.373634412635,0.268,0.3995,0.491
-218.585659313342,214.080877968125,0.269,0.3995,0.491
-218.285500308332,213.788110095668,0.27,0.3995,0.491
-217.985329685947,213.49533060547,0.271,0.3995,0.491
-217.685147254107,213.202539305443,0.272,0.3995,0.491
-217.384952818425,212.909736001195,0.273,0.3995,0.491
-217.084746182194,212.616920496014,0.274,0.3995,0.491
-216.784527146369,212.324092590846,0.275,0.3995,0.491
-216.484295509552,212.031252084288,0.276,0.3995,0.491
-216.18405106798,211.73839877257,0.277,0.3995,0.491
-215.883793615502,211.445532449535,0.278,0.3995,0.491
-215.583522943574,211.152652906631,0.279,0.3995,0.491
-215.283238841235,210.859759932891,0.28,0.3995,0.491
-214.982941095097,210.56685331492,0.281,0.3995,0.491
-214.682629489327,210.273932836878,0.282,0.3995,0.491
-214.382303805633,209.980998280467,0.283,0.3995,0.491
-214.081963823252,209.688049424915,0.284,0.3995,0.491
-213.781609318929,209.39508604696,0.285,0.3995,0.491
-213.481240066907,209.102107920839,0.286,0.3995,0.491
-213.18085583891,208.809114818269,0.287,0.3995,0.491
-212.880456404129,208.516106508431,0.288,0.3995,0.491
-212.580041529208,208.223082757963,0.289,0.3995,0.491
-212.279610978227,207.930043330938,0.29,0.3995,0.491
-211.979164512689,207.63698798885,0.291,0.3995,0.491
-211.678701891506,207.343916490603,0.292,0.3995,0.491
-211.378222870984,207.050828592496,0.293,0.3995,0.491
-211.077727204807,206.757724048206,0.294,0.3995,0.491
-210.777214644028,206.464602608775,0.295,0.3995,0.491
-210.476684937046,206.171464022597,0.296,0.3995,0.491
-210.176137829602,205.878308035402,0.297,0.3995,0.491
-209.875573064756,205.585134390243,0.298,0.3995,0.491
-209.574990382878,205.291942827482,0.299,0.3995,0.491
-209.274389521635,204.998733084776,0.3,0.3995,0.491
-208.973770215973,204.705504897063,0.301,0.3995,0.491
-208.673132198106,204.412257996549,0.302,0.3995,0.491
-208.372475197502,204.118992112693,0.303,0.3995,0.491
-208.07179894087,203.825706972194,0.304,0.3995,0.491
-207.771103152146,203.532402298979,0.305,0.3995,0.491
-207.470387552479,203.239077814189,0.306,0.3995,0.491
-207.169651860218,202.945733236163,0.307,0.3995,0.491
-206.8688957909,202.65236828043,0.308,0.3995,0.491
-206.568119057237,202.35898265969,0.309,0.3995,0.491
-206.267321369101,202.065576083807,0.31,0.3995,0.491
-205.966502433513,201.772148259793,0.311,0.3995,0.491
-205.66566195463,201.478698891795,0.312,0.3995,0.491
-205.364799633731,201.185227681082,0.313,0.3995,0.491
-205.063915169209,200.891734326036,0.314,0.3995,0.491
-204.763008256552,200.598218522137,0.315,0.3995,0.491
-204.462078588336,200.304679961949,0.316,0.3995,0.491
-204.161125854211,200.011118335112,0.317,0.3995,0.491
-203.860149740887,199.717533328328,0.318,0.3995,0.491
-203.559149932128,199.423924625348,0.319,0.3995,0.491
-203.258126108734,199.130291906961,0.32,0.3995,0.491
-202.957077948531,198.836634850986,0.321,0.3995,0.491
-202.656005126363,198.542953132253,0.322,0.3995,0.491
-202.354907314076,198.249246422598,0.323,0.3995,0.491
-202.053784180511,197.955514390851,0.324,0.3995,0.491
-201.752635391489,197.661756702822,0.325,0.3995,0.491
-201.451460609803,197.367973021293,0.326,0.3995,0.491
-201.150259495205,197.074163006005,0.327,0.3995,0.491
-200.849031704398,196.780326313649,0.328,0.3995,0.491
-200.547776891023,196.486462597855,0.329,0.3995,0.491
-200.24649470565,196.192571509181,0.33,0.3995,0.491
-199.945184795769,195.898652695106,0.331,0.3995,0.491
-199.643846805777,195.604705800014,0.332,0.3995,0.491
-199.34248037697,195.31073046519,0.333,0.3995,0.491
-199.041085147534,195.016726328808,0.334,0.3995,0.491
-198.739660752534,194.72269302592,0.335,0.3995,0.491
-198.438206823905,194.42863018845,0.336,0.3995,0.491
-198.136722990445,194.134537445181,0.337,0.3995,0.491
-197.8352088778,193.84041442175,0.338,0.3995,0.491
-197.533664108464,193.546260740637,0.339,0.3995,0.491
-197.232088301763,193.252076021154,0.34,0.3995,0.491
-196.930481073849,192.957859879443,0.341,0.3995,0.491
-196.628842037694,192.663611928459,0.342,0.3995,0.491
-196.327170803077,192.369331777972,0.343,0.3995,0.491
-196.025466976581,192.07501903455,0.344,0.3995,0.491
-195.723730161582,191.780673301555,0.345,0.3995,0.491
-195.421959958244,191.486294179139,0.346,0.3995,0.491
-195.120155963509,191.191881264229,0.347,0.3995,0.491
-194.818317771091,190.897434150527,0.348,0.3995,0.491
-194.516444971471,190.602952428498,0.349,0.3995,0.491
-194.214537151886,190.308435685369,0.35,0.3995,0.491
-193.912593896328,190.013883505114,0.351,0.3995,0.491
-193.610614785533,189.719295468456,0.352,0.3995,0.491
-193.308599396977,189.424671152857,0.353,0.3995,0.491
-193.006547304869,189.130010132512,0.354,0.3995,0.491
-192.704458080147,188.835311978345,0.355,0.3995,0.491
-192.402331290471,188.540576258001,0.356,0.3995,0.491
-192.10016650022,188.245802535843,0.357,0.3995,0.491
-191.797963270484,187.950990372947,0.358,0.3995,0.491
-191.495721159061,187.656139327096,0.359,0.3995,0.491
-191.193439720451,187.361248952776,0.36,0.3995,0.491
-190.891118505857,187.066318801172,0.361,0.3995,0.491
-190.588757063171,186.771348420164,0.362,0.3995,0.491
-190.286354936981,186.476337354323,0.363,0.3995,0.491
-189.983911668561,186.181285144905,0.364,0.3995,0.491
-189.681426795866,185.886191329854,0.365,0.3995,0.491
-189.378899853537,185.591055443792,0.366,0.3995,0.491
-189.07633037289,185.29587701802,0.367,0.3995,0.491
-188.773717881918,185.000655580515,0.368,0.3995,0.491
-188.471061905287,184.705390655925,0.369,0.3995,0.491
-188.168361964334,184.410081765573,0.37,0.3995,0.491
-187.865617577065,184.114728427448,0.371,0.3995,0.491
-187.562828258156,183.819330156209,0.372,0.3995,0.491
-187.259993518949,183.52388646318,0.373,0.3995,0.491
-186.957112867449,183.228396856352,0.374,0.3995,0.491
-186.654185808331,182.93286084038,0.375,0.3995,0.491
-186.35121184293,182.637277916584,0.376,0.3995,0.491
-186.048190469249,182.341647582949,0.377,0.3995,0.491
-185.745121181953,182.045969334123,0.378,0.3995,0.491
-185.442003472374,181.750242661419,0.379,0.3995,0.491
-185.138836828509,181.454467052819,0.38,0.3995,0.491
-184.835620735022,181.158641992966,0.381,0.3995,0.491
-184.532354673245,180.862766963176,0.382,0.3995,0.491
-184.22903812118,180.566841441433,0.383,0.3995,0.491
-183.925670553499,180.270864902391,0.384,0.3995,0.491
-183.622251441551,179.97483681738,0.385,0.3995,0.491
-183.31878025336,179.678756654405,0.386,0.3995,0.491
-183.015256453627,179.382623878151,0.387,0.3995,0.491
-182.711679503739,179.086437949983,0.388,0.3995,0.491
-182.408048861767,178.790198327955,0.389,0.3995,0.491
-182.104363982472,178.493904466809,0.39,0.3995,0.491
-181.800624317309,178.19755581798,0.391,0.3995,0.491
-181.496829314431,177.901151829603,0.392,0.3995,0.491
-181.192978418693,177.604691946513,0.393,0.3995,0.491
-180.889071071661,177.308175610256,0.394,0.3995,0.491
-180.585106711612,177.011602259091,0.395,0.3995,0.491
-180.281084773544,176.714971327994,0.396,0.3995,0.491
-179.977004689179,176.418282248669,0.397,0.3995,0.491
-179.672865886974,176.121534449551,0.398,0.3995,0.491
-179.368667792121,175.824727355813,0.399,0.3995,0.491
-179.06440982656,175.527860389376,0.4,0.3995,0.491
-178.760091408986,175.230932968912,0.401,0.3995,0.491
-178.455711954853,174.933944509857,0.402,0.3995,0.491
-178.151270876388,174.636894424414,0.403,0.3995,0.491
-177.846767582593,174.339782121567,0.404,0.3995,0.491
-177.542201479259,174.042607007086,0.405,0.3995,0.491
-177.237571968975,173.745368483537,0.406,0.3995,0.491
-176.932878451135,173.448065950294,0.407,0.3995,0.491
-176.628120321952,173.150698803548,0.408,0.3995,0.491
-176.323296974463,172.853266436315,0.409,0.3995,0.491
-176.018407798547,172.555768238452,0.41,0.3995,0.491
-175.71345218093,172.258203596663,0.411,0.3995,0.491
-175.4084295052,171.960571894514,0.412,0.3995,0.491
-175.103339151818,171.662872512445,0.413,0.3995,0.491
-174.798180498134,171.365104827783,0.414,0.3995,0.491
-174.492952918391,171.067268214749,0.415,0.3995,0.491
-174.187655783751,170.769362044481,0.416,0.3995,0.491
-173.882288462296,170.471385685041,0.417,0.3995,0.491
-173.576850319052,170.173338501429,0.418,0.3995,0.491
-173.271340715997,169.875219855604,0.419,0.3995,0.491
-172.965759012081,169.577029106489,0.42,0.3995,0.491
-172.660104563238,169.278765609997,0.421,0.3995,0.491
-172.354376722401,168.980428719039,0.422,0.3995,0.491
-172.048574839524,168.682017783543,0.423,0.3995,0.491
-171.742698261593,168.383532150471,0.424,0.3995,0.491
-171.436746332643,168.084971163837,0.425,0.3995,0.491
-171.130718393781,167.786334164723,0.426,0.3995,0.491
-170.8246137832,167.487620491297,0.427,0.3995,0.491
-170.518431836197,167.188829478833,0.428,0.3995,0.491
-170.212171885194,166.889960459728,0.429,0.3995,0.491
-169.905833259756,166.591012763523,0.43,0.3995,0.491
-169.599415286613,166.291985716924,0.431,0.3995,0.491
-169.292917289677,165.992878643818,0.432,0.3995,0.491
-168.986338590067,165.693690865298,0.433,0.3995,0.491
-168.679678506125,165.394421699682,0.434,0.3995,0.491
-168.372936353443,165.095070462538,0.435,0.3995,0.491
-168.066111444883,164.7956364667,0.436,0.3995,0.491
-167.759203090597,164.496119022299,0.437,0.3995,0.491
-167.452210598058,164.196517436777,0.438,0.3995,0.491
-167.145133272073,163.89683101492,0.439,0.3995,0.491
-166.837970414817,163.597059058875,0.44,0.3995,0.491
-166.530721325852,163.297200868179,0.441,0.3995,0.491
-166.223385302154,162.997255739782,0.442,0.3995,0.491
-165.915961638139,162.697222968072,0.443,0.3995,0.491
-165.608449625688,162.397101844906,0.444,0.3995,0.491
-165.300848554175,162.096891659631,0.445,0.3995,0.491
-164.993157710494,161.796591699113,0.446,0.3995,0.491
-164.685376379085,161.496201247768,0.447,0.3995,0.491
-164.377503841968,161.195719587586,0.448,0.3995,0.491
-164.069539378762,160.895145998163,0.449,0.3995,0.491
-163.761482266726,160.594479756727,0.45,0.3995,0.491
-163.453331780779,160.293720138171,0.451,0.3995,0.491
-163.145087193536,159.992866415084,0.452,0.3995,0.491
-162.836747775337,159.691917857778,0.453,0.3995,0.491
-162.528312794281,159.390873734323,0.454,0.3995,0.491
-162.219781516254,159.089733310579,0.455,0.3995,0.491
-161.911153204966,158.788495850226,0.456,0.3995,0.491
-161.602427121979,158.487160614801,0.457,0.3995,0.491
-161.293602526747,158.185726863728,0.458,0.3995,0.491
-160.984678676648,157.884193854356,0.459,0.3995,0.491
-160.675654827014,157.582560841991,0.46,0.3995,0.491
-160.366530231176,157.280827079933,0.461,0.3995,0.491
-160.057304140491,156.978991819512,0.462,0.3995,0.491
-159.747975804385,156.677054310125,0.463,0.3995,0.491
-159.438544470387,156.375013799271,0.464,0.3995,0.491
-159.129009384168,156.072869532594,0.465,0.3995,0.491
-158.819369789579,155.770620753914,0.466,0.3995,0.491
-158.509624928692,155.468266705274,0.467,0.3995,0.491
-158.199774041835,155.165806626974,0.468,0.3995,0.491
-157.889816367638,154.863239757614,0.469,0.3995,0.491
-157.579751143071,154.560565334133,0.47,0.3995,0.491
-157.269577603486,154.257782591854,0.471,0.3995,0.491
-156.959294982657,153.954890764521,0.472,0.3995,0.491
-156.648902512827,153.651889084349,0.473,0.3995,0.491
-156.338399424749,153.348776782058,0.474,0.3995,0.491
-156.027784947729,153.045553086925,0.475,0.3995,0.491
-155.717058309673,152.742217226826,0.476,0.3995,0.491
-155.406218737132,152.438768428281,0.477,0.3995,0.491
-155.095265455346,152.1352059165,0.478,0.3995,0.491
-154.784197688292,151.831528915429,0.479,0.3995,0.491
-154.473014658733,151.527736647799,0.48,0.3995,0.491
-154.161715588262,151.223828335174,0.481,0.3995,0.491
-153.850299697355,150.919803197998,0.482,0.3995,0.491
-153.538766205416,150.615660455644,0.483,0.3995,0.491
-153.227114330831,150.311399326467,0.484,0.3995,0.491
-152.915343291016,150.007019027851,0.485,0.3995,0.491
-152.603452302469,149.702518776264,0.486,0.3995,0.491
-152.291440580823,149.397897787306,0.487,0.3995,0.491
-151.979307340898,149.093155275765,0.488,0.3995,0.491
-151.667051796753,148.788290455668,0.489,0.3995,0.491
-151.354673161742,148.483302540339,0.49,0.3995,0.491
-151.042170648569,148.178190742448,0.491,0.3995,0.491
-150.729543469342,147.872954274073,0.492,0.3995,0.491
-150.41679083563,147.567592346749,0.493,0.3995,0.491
-150.103911958521,147.262104171531,0.494,0.3995,0.491
-149.790906048678,146.956488959052,0.495,0.3995,0.491
-149.477772316398,146.650745919574,0.496,0.3995,0.491
-149.164509971671,146.344874263057,0.497,0.3995,0.491
-148.85111822424,146.038873199209,0.498,0.3995,0.491
-148.537596283664,145.732741937557,0.499,0.3995,0.491
-148.223943359375,145.4264796875,0.5,0.3995,0.491
-147.910158660742,145.120085658374,0.501,0.3995,0.491
-147.596241397135,144.813559059516,0.502,0.3995,0.491
-147.282190777987,144.506899100326,0.503,0.3995,0.491
-146.968006012861,144.200104990332,0.504,0.3995,0.491
-146.653686311511,143.893175939257,0.505,0.3995,0.491
-146.339230883952,143.586111157082,0.506,0.3995,0.491
-146.024638940524,143.278909854112,0.507,0.3995,0.491
-145.709909691961,142.971571241048,0.508,0.3995,0.491
-145.395042349458,142.664094529052,0.509,0.3995,0.491
-145.080036124742,142.356478929816,0.51,0.3995,0.491
-144.764890230139,142.048723655633,0.511,0.3995,0.491
-144.449603878648,141.740827919468,0.512,0.3995,0.491
-144.13417628401,141.432790935028,0.513,0.3995,0.491
-143.818606660782,141.124611916835,0.514,0.3995,0.491
-143.502894224408,140.816290080299,0.515,0.3995,0.491
-143.187038191295,140.507824641793,0.516,0.3995,0.491
-142.871037778886,140.199214818726,0.517,0.3995,0.491
-142.554892205738,139.89045982962,0.518,0.3995,0.491
-142.238600691595,139.581558894184,0.519,0.3995,0.491
-141.922162457469,139.272511233396,0.52,0.3995,0.491
-141.605576725715,138.963316069576,0.521,0.3995,0.491
-141.288842720111,138.653972626468,0.522,0.3995,0.491
-140.971959665939,138.344480129318,0.523,0.3995,0.491
-140.654926790062,138.034837804956,0.524,0.3995,0.491
-140.337743321013,137.725044881878,0.525,0.3995,0.491
-140.020408489067,137.415100590325,0.526,0.3995,0.491
-139.702921526332,137.10500416237,0.527,0.3995,0.491
-139.385281666833,136.794754832002,0.528,0.3995,0.491
-139.067488146591,136.484351835208,0.529,0.3995,0.491
-138.749540203715,136.173794410061,0.53,0.3995,0.491
-138.431437078485,135.863081796807,0.531,0.3995,0.491
-138.113178013443,135.552213237951,0.532,0.3995,0.491
-137.794762253479,135.241187978348,0.533,0.3995,0.491
-137.476189045921,134.93000526529,0.534,0.3995,0.491
-137.157457640625,134.618664348599,0.535,0.3995,0.491
-136.838567290067,134.307164480716,0.536,0.3995,0.491
-136.519517249438,133.995504916793,0.537,0.3995,0.491
-136.20030677673,133.68368491479,0.538,0.3995,0.491
-135.880935132837,133.371703735564,0.539,0.3995,0.491
-135.561401581647,133.059560642967,0.54,0.3995,0.491
-135.241705390139,132.747254903942,0.541,0.3995,0.491
-134.921845828477,132.434785788619,0.542,0.3995,0.491
-134.601822170114,132.122152570412,0.543,0.3995,0.491
-134.281633691883,131.809354526122,0.544,0.3995,0.491
-133.961279674104,131.49639093603,0.545,0.3995,0.491
-133.640759400678,131.183261084004,0.546,0.3995,0.491
-133.320072159197,130.869964257598,0.547,0.3995,0.491
-132.999217241038,130.556499748153,0.548,0.3995,0.491
-132.678193941471,130.242866850904,0.549,0.3995,0.491
-132.357001559766,129.929064865085,0.55,0.3995,0.491
-132.035639399293,129.615093094029,0.551,0.3995,0.491
-131.714106767632,129.300950845282,0.552,0.3995,0.491
-131.392402976682,128.986637430705,0.553,0.3995,0.491
-131.070527342766,128.672152166586,0.554,0.3995,0.491
-130.748479186744,128.357494373749,0.555,0.3995,0.491
-130.426257834121,128.042663377663,0.556,0.3995,0.491
-130.103862615161,127.727658508555,0.557,0.3995,0.491
-129.781292864997,127.412479101523,0.558,0.3995,0.491
-129.458547923748,127.09712449665,0.559,0.3995,0.491
-129.135627136633,126.781594039119,0.56,0.3995,0.491
-128.812529854083,126.465887079325,0.561,0.3995,0.491
-128.489255431865,126.150002972998,0.562,0.3995,0.491
-128.165803231193,125.833941081317,0.563,0.3995,0.491
-127.84217261885,125.51770077103,0.564,0.3995,0.491
-127.518362967311,125.201281414574,0.565,0.3995,0.491
-127.194373654858,124.884682390196,0.566,0.3995,0.491
-126.870204065706,124.567903082076,0.567,0.3995,0.491
-126.545853590129,124.25094288045,0.568,0.3995,0.491
-126.221321624576,123.933801181734,0.569,0.3995,0.491
-125.896607571805,123.616477388648,0.57,0.3995,0.491
-125.571710841006,123.298970910347,0.571,0.3995,0.491
-125.246630847928,122.981281162544,0.572,0.3995,0.491
-124.921367015009,122.663407567641,0.573,0.3995,0.491
-124.595918771506,122.34534955486,0.574,0.3995,0.491
-124.270285553624,122.027106560371,0.575,0.3995,0.491
-123.944466804652,121.708678027427,0.576,0.3995,0.491
-123.618461975093,121.390063406495,0.577,0.3995,0.491
-123.2922705228,121.071262155391,0.578,0.3995,0.491
-122.965891913109,120.752273739419,0.579,0.3995,0.491
-122.63932561898,120.433097631501,0.58,0.3995,0.491
-122.312571121132,120.113733312322,0.581,0.3995,0.491
-121.985627908181,119.794180270463,0.582,0.3995,0.491
-121.658495476785,119.474438002545,0.583,0.3995,0.491
-121.331173331777,119.154506013369,0.584,0.3995,0.491
-121.003660986318,118.834383816058,0.585,0.3995,0.491
-120.675957962032,118.514070932203,0.586,0.3995,0.491
-120.348063789154,118.193566892003,0.587,0.3995,0.491
-120.019978006678,117.872871234418,0.588,0.3995,0.491
-119.691700162502,117.55198350731,0.589,0.3995,0.491
-119.363229813574,117.230903267595,0.59,0.3995,0.491
-119.034566526049,116.909630081391,0.591,0.3995,0.491
-118.705709875431,116.588163524169,0.592,0.3995,0.491
-118.376659446734,116.266503180908,0.593,0.3995,0.491
-118.047414834628,115.944648646244,0.594,0.3995,0.491
-117.717975643596,115.622599524626,0.595,0.3995,0.491
-117.388341488091,115.300355430474,0.596,0.3995,0.491
-117.058511992694,114.977915988333,0.597,0.3995,0.491
-116.728486792267,114.655280833033,0.598,0.3995,0.491
-116.398265532118,114.332449609847,0.599,0.3995,0.491
-116.06784786816,114.009421974656,0.6,0.3995,0.491
-115.737233467072,113.686197594104,0.601,0.3995,0.491
-115.406422006462,113.362776145768,0.602,0.3995,0.491
-115.075413175036,113.039157318319,0.603,0.3995,0.491
-114.744206672758,112.715340811688,0.604,0.3995,0.491
-114.412802211019,112.391326337234,0.605,0.3995,0.491
-114.081199512809,112.067113617914,0.606,0.3995,0.491
-113.749398312881,111.74270238845,0.607,0.3995,0.491
-113.417398357928,111.418092395499,0.608,0.3995,0.491
-113.085199406749,111.093283397831,0.609,0.3995,0.491
-112.752801230428,110.768275166497,0.61,0.3995,0.491
-112.420203612508,110.443067485007,0.611,0.3995,0.491
-112.087406349163,110.117660149504,0.612,0.3995,0.491
-111.754409249382,109.792052968946,0.613,0.3995,0.491
-111.421212135143,109.46624576528,0.614,0.3995,0.491
-111.087814841598,109.140238373625,0.615,0.3995,0.491
-110.754217217249,108.814030642453,0.616,0.3995,0.491
-110.420419124135,108.487622433773,0.617,0.3995,0.491
-110.086420438016,108.161013623314,0.618,0.3995,0.491
-109.752221048558,107.83420410071,0.619,0.3995,0.491
-109.417820859522,107.507193769693,0.62,0.3995,0.491
-109.083219788947,107.179982548272,0.621,0.3995,0.491
-108.748417769349,106.852570368932,0.622,0.3995,0.491
-108.413414747902,106.52495717882,0.623,0.3995,0.491
-108.07821068664,106.197142939938,0.624,0.3995,0.491
-107.742805562645,105.86912762934,0.625,0.3995,0.491
-107.407199368246,105.540911239325,0.626,0.3995,0.491
-107.071392111212,105.212493777635,0.627,0.3995,0.491
-106.735383814957,104.883875267654,0.628,0.3995,0.491
-106.399174518731,104.555055748604,0.629,0.3995,0.491
-106.062764277829,104.226035275754,0.63,0.3995,0.491
-105.726153163791,103.896813920613,0.631,0.3995,0.491
-105.389341264604,103.567391771142,0.632,0.3995,0.491
-105.052328684909,103.237768931956,0.633,0.3995,0.491
-104.715115546211,102.907945524531,0.634,0.3995,0.491
-104.377701987083,102.577921687414,0.635,0.3995,0.491
-104.040088163377,102.247697576432,0.636,0.3995,0.491
-103.70227424844,101.917273364903,0.637,0.3995,0.491
-103.364260433319,101.58664924385,0.638,0.3995,0.491
-103.026046926982,101.255825422216,0.639,0.3995,0.491
-102.687633956531,100.924802127076,0.64,0.3995,0.491
-102.349021767421,100.593579603861,0.641,0.3995,0.491
-102.010210623677,100.262158116571,0.642,0.3995,0.491
-101.671200808116,99.930537947998,0.643,0.3995,0.491
-101.331992622568,99.5987193999492,0.644,0.3995,0.491
-100.9925863881,99.2667027934675,0.645,0.3995,0.491
-100.652982445243,98.934488469059,0.646,0.3995,0.491
-100.313181154213,98.6020767869185,0.647,0.3995,0.491
-99.9731828951454,98.2694681271577,0.648,0.3995,0.491
-99.6329880683214,97.9366628900353,0.649,0.3995,0.491
-99.2925970943995,97.6036614961878,0.65,0.3995,0.491
-98.9520104146491,97.2704643868629,0.651,0.3995,0.491
-98.6112284911841,96.937072024153,0.652,0.3995,0.491
-98.2702518071995,96.6034848912321,0.653,0.3995,0.491
-97.9290808672084,96.2697034925926,0.654,0.3995,0.491
-97.5877161972817,95.9357283542851,0.655,0.3995,0.491
-97.2461583452883,95.6015600241585,0.656,0.3995,0.491
-96.9044078811378,95.2671990721028,0.657,0.3995,0.491
-96.5624653970243,94.932646090293,0.658,0.3995,0.491
-96.2203315076719,94.5979016934344,0.659,0.3995,0.491
-95.8780068505821,94.2629665190101,0.66,0.3995,0.491
-95.5354920862826,93.9278412275298,0.661,0.3995,0.491
-95.1927878985775,93.5925265027799,0.662,0.3995,0.491
-94.8498949947996,93.2570230520762,0.663,0.3995,0.491
-94.5068141060641,92.9213316065172,0.664,0.3995,0.491
-94.1635459875242,92.5854529212396,0.665,0.3995,0.491
-93.8200914186279,92.2493877756755,0.666,0.3995,0.491
-93.4764512033767,91.9131369738112,0.667,0.3995,0.491
-93.1326261705864,91.5767013444472,0.668,0.3995,0.491
-92.7886171741487,91.2400817414609,0.669,0.3995,0.491
-92.4444250932956,90.9032790440699,0.67,0.3995,0.491
-92.1000508328641,90.5662941570979,0.671,0.3995,0.491
-91.7554953235641,90.2291280112414,0.672,0.3995,0.491
-91.4107595222469,89.891781563339,0.673,0.3995,0.491
-91.0658444121759,89.5542557966421,0.674,0.3995,0.491
-90.720751003299,89.2165517210866,0.675,0.3995,0.491
-90.3754803325226,88.8786703735677,0.676,0.3995,0.491
-90.0300334639872,88.5406128182154,0.677,0.3995,0.491
-89.6844114893453,88.2023801466719,0.678,0.3995,0.491
-89.3386155280406,87.863973478371,0.679,0.3995,0.491
-88.9926467275888,87.5253939608193,0.68,0.3995,0.491
-88.6465062638606,87.1866427698788,0.681,0.3995,0.491
-88.3001953413661,86.8477211100516,0.682,0.3995,0.491
-87.9537151935415,86.5086302147662,0.683,0.3995,0.491
-87.607067083037,86.1693713466657,0.684,0.3995,0.491
-87.2602523020063,85.8299457978975,0.685,0.3995,0.491
-86.9132721723993,85.4903548904053,0.686,0.3995,0.491
-86.5661280462548,85.1505999762226,0.687,0.3995,0.491
-86.2188213059959,84.8106824377679,0.688,0.3995,0.491
-85.8713533647276,84.4706036881416,0.689,0.3995,0.491
-85.5237256665353,84.1303651714258,0.69,0.3995,0.491
-85.1759396867857,83.7899683629841,0.691,0.3995,0.491
-84.8279969324299,83.4494147697651,0.692,0.3995,0.491
-84.479898942307,83.108705930606,0.693,0.3995,0.491
-84.1316472874512,82.7678434165399,0.694,0.3995,0.491
-83.7832435713996,82.4268288311032,0.695,0.3995,0.491
-83.4346894305023,82.0856638106462,0.696,0.3995,0.491
-83.0859865342345,81.7443500246445,0.697,0.3995,0.491
-82.7371365855098,81.4028891760133,0.698,0.3995,0.491
-82.3881413209965,81.0612830014229,0.699,0.3995,0.491
-82.039002511435,80.719533271616,0.7,0.3995,0.491
-81.6897219619569,80.3776417917277,0.701,0.3995,0.491
-81.3403015124067,80.0356104016065,0.702,0.3995,0.491
-80.9907430376652,79.6934409761379,0.703,0.3995,0.491
-80.6410484479744,79.3511354255689,0.704,0.3995,0.491
-80.2912196892647,79.0086956958364,0.705,0.3995,0.491
-79.9412587434843,78.666123768895,0.706,0.3995,0.491
-79.5911676289298,78.3234216630489,0.707,0.3995,0.491
-79.2409484005791,77.9805914332842,0.708,0.3995,0.491
-78.890603150427,77.6376351716046,0.709,0.3995,0.491
-78.5401340078213,77.2945550073674,0.71,0.3995,0.491
-78.189543139802,76.9513531076231,0.711,0.3995,0.491
-77.838832751442,76.6080316774557,0.712,0.3995,0.491
-77.4880050861901,76.2645929603259,0.713,0.3995,0.491
-77.1370624262156,75.9210392384157,0.714,0.3995,0.491
-76.7860070927551,75.5773728329752,0.715,0.3995,0.491
-76.4348414464614,75.2335961046713,0.716,0.3995,0.491
-76.0835678877544,74.8897114539389,0.717,0.3995,0.491
-75.7321888571735,74.5457213213334,0.718,0.3995,0.491
-75.3807068357329,74.2016281878855,0.719,0.3995,0.491
-75.0291243452783,73.8574345754583,0.72,0.3995,0.491
-74.6774439488459,73.5131430471064,0.721,0.3995,0.491
-74.3256682510231,73.1687562074363,0.722,0.3995,0.491
-73.9737998983121,72.82427670297,0.723,0.3995,0.491
-73.6218415794943,72.4797072225099,0.724,0.3995,0.491
-73.269796025998,72.1350504975058,0.725,0.3995,0.491
-72.9176660122672,71.7903093024245,0.726,0.3995,0.491
-72.5654543561335,71.4454864551207,0.727,0.3995,0.491
-72.2131639191889,71.1005848172108,0.728,0.3995,0.491
-71.8607976071616,70.7556072944483,0.729,0.3995,0.491
-71.5083583702936,70.4105568371013,0.73,0.3995,0.491
-71.1558492037204,70.0654364403323,0.731,0.3995,0.491
-70.803273147853,69.7202491445802,0.732,0.3995,0.491
-70.4506332887615,69.3749980359439,0.733,0.3995,0.491
-70.0979327585617,69.0296862465692,0.734,0.3995,0.491
-69.7451747358029,68.684316955036,0.735,0.3995,0.491
-69.3923624458585,68.3388933867496,0.736,0.3995,0.491
-69.0394991613187,67.9934188143329,0.737,0.3995,0.491
-68.686588202385,67.6478965580209,0.738,0.3995,0.491
-68.3336329372672,67.3023299860582,0.739,0.3995,0.491
-67.9806367825825,66.9567225150975,0.74,0.3995,0.491
-67.6276032037566,66.6110776106014,0.741,0.3995,0.491
-67.2745357154275,66.2653987872454,0.742,0.3995,0.491
-66.9214378818507,65.9196896093239,0.743,0.3995,0.491
-66.5683133173074,65.5739536911577,0.744,0.3995,0.491
-66.2151656865145,65.2281946975046,0.745,0.3995,0.491
-65.861998705037,64.8824163439714,0.746,0.3995,0.491
-65.5088161397022,64.5366223974284,0.747,0.3995,0.491
-65.1556218090171,64.1908166764264,0.748,0.3995,0.491
-64.8024195835866,63.8450030516156,0.749,0.3995,0.491
-64.4492133865356,63.499185446167,0.75,0.3995,0.491
-64.096007193932,63.1533678361957,0.751,0.3995,0.491
-63.7428050352127,62.8075542511871,0.752,0.3995,0.491
-63.3896109936118,62.4617487744248,0.753,0.3995,0.491
-63.0364292065906,62.1159555434208,0.754,0.3995,0.491
-62.6832638662707,61.7701787503485,0.755,0.3995,0.491
-62.3301192198688,61.4244226424775,0.756,0.3995,0.491
-61.976999570134,61.0786915226111,0.757,0.3995,0.491
-61.6239092757872,60.7329897495255,0.758,0.3995,0.491
-61.2708527519632,60.387321738412,0.759,0.3995,0.491
-60.917834470655,60.0416919613214,0.76,0.3995,0.491
-60.5648589611602,59.6961049476101,0.761,0.3995,0.491
-60.2119308105301,59.3505652843895,0.762,0.3995,0.491
-59.8590546640208,59.0050776169771,0.763,0.3995,0.491
-59.5062352255469,58.6596466493503,0.764,0.3995,0.491
-59.1534772581377,58.314277144602,0.765,0.3995,0.491
-58.8007855843953,57.9689739253996,0.766,0.3995,0.491
-58.4481650869557,57.6237418744454,0.767,0.3995,0.491
-58.0956207089514,57.2785859349397,0.768,0.3995,0.491
-57.7431574544777,56.9335111110467,0.769,0.3995,0.491
-57.3907803890602,56.5885224683623,0.77,0.3995,0.491
-57.0384946401251,56.2436251343845,0.771,0.3995,0.491
-56.6863053974725,55.8988242989861,0.772,0.3995,0.491
-56.3342179137512,55.5541252148903,0.773,0.3995,0.491
-55.9822375049365,55.2095331981482,0.774,0.3995,0.491
-55.6303695508105,54.8650536286186,0.775,0.3995,0.491
-55.2786194954443,54.5206919504513,0.776,0.3995,0.491
-54.9269928476835,54.1764536725716,0.777,0.3995,0.491
-54.5754951816354,53.8323443691679,0.778,0.3995,0.491
-54.2241321371592,53.4883696801821,0.779,0.3995,0.491
-53.8729094203583,53.1445353118016,0.78,0.3995,0.491
-53.5218328040754,52.8008470369546,0.781,0.3995,0.491
-53.1709081283898,52.4573106958073,0.782,0.3995,0.491
-52.8201413011178,52.1139321962642,0.783,0.3995,0.491
-52.4695382983146,51.7707175144707,0.784,0.3995,0.491
-52.11910516478,51.4276726953177,0.785,0.3995,0.491
-51.7688480145654,51.0848038529494,0.786,0.3995,0.491
-51.4187730314842,50.7421171712737,0.787,0.3995,0.491
-51.0688864696244,50.3996189044744,0.788,0.3995,0.491
-50.7191946538638,50.0573153775268,0.789,0.3995,0.491
-50.369703980388,49.7152129867153,0.79,0.3995,0.491
-50.0204209172103,49.3733182001537,0.791,0.3995,0.491
-49.6713520046949,49.0316375583084,0.792,0.3995,0.491
-49.3225038560827,48.6901776745239,0.793,0.3995,0.491
-48.9738831580189,48.3489452355508,0.794,0.3995,0.491
-48.6254966710841,48.0079470020764,0.795,0.3995,0.491
-48.2773512303276,47.6671898092585,0.796,0.3995,0.491
-47.9294537458033,47.3266805672612,0.797,0.3995,0.491
-47.5818112031081,46.9864262617934,0.798,0.3995,0.491
-47.2344306639237,46.6464339546499,0.799,0.3995,0.491
-46.88731926656,46.306710784256,0.8,0.3995,0.491
-46.5404842265018,45.9672639662132,0.801,0.3995,0.491
-46.1939328369581,45.628100793849,0.802,0.3995,0.491
-45.8476724694138,45.2892286387686,0.803,0.3995,0.491
-45.5017105741844,44.9506549514095,0.804,0.3995,0.491
-45.1560546809732,44.6123872615987,0.805,0.3995,0.491
-44.8107123994313,44.2744331791126,0.806,0.3995,0.491
-44.4656914197201,43.9368003942401,0.807,0.3995,0.491
-44.1209995130769,43.5994966783474,0.808,0.3995,0.491
-43.7766445323828,43.2625298844464,0.809,0.3995,0.491
-43.4326344127334,42.9259079477654,0.81,0.3995,0.491
-43.0889771720128,42.589638886323,0.811,0.3995,0.491
-42.7456809114694,42.2537308015038,0.812,0.3995,0.491
-42.4027538162954,41.9181918786382,0.813,0.3995,0.491
-42.0602041562081,41.5830303875835,0.814,0.3995,0.491
-41.7180402860349,41.248254683309,0.815,0.3995,0.491
-41.3762706463005,40.9138732064834,0.816,0.3995,0.491
-41.0349037638172,40.5798944840644,0.817,0.3995,0.491
-40.6939482522777,40.2463271298925,0.818,0.3995,0.491
-40.3534128128506,39.913179845286,0.819,0.3995,0.491
-40.0133062347797,39.5804614196401,0.82,0.3995,0.491
-39.6736373959847,39.248180731028,0.821,0.3995,0.491
-39.3344152636657,38.9163467468053,0.822,0.3995,0.491
-38.9956488949101,38.584968524217,0.823,0.3995,0.491
-38.6573474373028,38.2540552110073,0.824,0.3995,0.491
-38.3195201295387,37.9236160460328,0.825,0.3995,0.491
-37.9821763020383,37.5936603598775,0.826,0.3995,0.491
-37.6453253775664,37.264197575472,0.827,0.3995,0.491
-37.3089768718534,36.9352372087141,0.828,0.3995,0.491
-36.9731403942194,36.6067888690939,0.829,0.3995,0.491
-36.6378256482014,36.2788622603204,0.83,0.3995,0.491
-36.3030424321838,35.9514671809517,0.831,0.3995,0.491
-35.9688006400306,35.6246135250283,0.832,0.3995,0.491
-35.6351102617219,35.2983112827085,0.833,0.3995,0.491
-35.3019813839928,34.9725705409076,0.834,0.3995,0.491
-34.9694241909745,34.6474014839399,0.835,0.3995,0.491
-34.6374489648397,34.3228143941627,0.836,0.3995,0.491
-34.3060660864501,33.9988196526249,0.837,0.3995,0.491
-33.9752860360069,33.6754277397168,0.838,0.3995,0.491
-33.6451193937044,33.3526492358245,0.839,0.3995,0.491
-33.315576840387,33.030494821986,0.84,0.3995,0.491
-32.9866691582083,32.7089752805511,0.841,0.3995,0.491
-32.658407231294,32.3881014958437,0.842,0.3995,0.491
-32.3308020464073,32.067884454828,0.843,0.3995,0.491
-32.0038646936178,31.7483352477763,0.844,0.3995,0.491
-31.6776063669729,31.4294650689417,0.845,0.3995,0.491
-31.3520383651726,31.1112852172317,0.846,0.3995,0.491
-31.0271720922474,30.7938070968868,0.847,0.3995,0.491
-30.7030190582387,30.4770422181611,0.848,0.3995,0.491
-30.3795908798828,30.1610021980057,0.849,0.3995,0.491
-30.056899281298,29.8456987607563,0.85,0.3995,0.491
-29.7349560946745,29.5311437388228,0.851,0.3995,0.491
-29.4137732609674,29.2173490733825,0.852,0.3995,0.491
-29.093362830593,28.9043268150764,0.853,0.3995,0.491
-28.7737369641277,28.5920891247084,0.854,0.3995,0.491
-28.4549079330112,28.2806482739475,0.855,0.3995,0.491
-28.1368881202513,27.9700166460338,0.856,0.3995,0.491
-27.8196900211327,27.6602067364871,0.857,0.3995,0.491
-27.503326243929,27.3512311538182,0.858,0.3995,0.491
-27.1878095106177,27.0431026202444,0.859,0.3995,0.491
-26.8731526575979,26.7358339724075,0.86,0.3995,0.491
-26.559368636412,26.429438162095,0.861,0.3995,0.491
-26.2464705144699,26.1239282569646,0.862,0.3995,0.491
-25.9344714757768,25.8193174412719,0.863,0.3995,0.491
-25.6233848216638,25.5156190166012,0.864,0.3995,0.491
-25.3132239715222,25.2128464025996,0.865,0.3995,0.491
-25.0040024635406,24.9110131377141,0.866,0.3995,0.491
-24.6957339554453,24.6101328799323,0.867,0.3995,0.491
-24.3884322252443,24.3102194075262,0.868,0.3995,0.491
-24.0821111719738,24.0112866197987,0.869,0.3995,0.491
-23.7767848164487,23.7133485378343,0.87,0.3995,0.491
-23.472467302016,23.4164193052522,0.871,0.3995,0.491
-23.1691728953114,23.1205131889634,0.872,0.3995,0.491
-22.8669159870193,22.8256445799302,0.873,0.3995,0.491
-22.5657110926363,22.5318279939299,0.874,0.3995,0.491
-22.2655728532374,22.2390780723214,0.875,0.3995,0.491
-21.9665160362461,21.9474095828147,0.876,0.3995,0.491
-21.6685555362075,21.6568374202445,0.877,0.3995,0.491
-21.3717063755648,21.3673766073463,0.878,0.3995,0.491
-21.0759837054392,21.0790422955368,0.879,0.3995,0.491
-20.781402806413,20.7918497656966,0.88,0.3995,0.491
-20.487979089316,20.5058144289568,0.881,0.3995,0.491
-20.1957280960156,20.2209518274894,0.882,0.3995,0.491
-19.9046655002099,19.9372776352997,0.883,0.3995,0.491
-19.6148071082243,19.6548076590235,0.884,0.3995,0.491
-19.3261688598117,19.3735578387273,0.885,0.3995,0.491
-19.0387668289554,19.093544248711,0.886,0.3995,0.491
-18.7526172246766,18.8147830983154,0.887,0.3995,0.491
-18.4677363918439,18.537290732732,0.888,0.3995,0.491
-18.1841408119875,18.261083633817,0.889,0.3995,0.491
-17.9018471041159,17.9861784209079,0.89,0.3995,0.491
-17.6208720255365,17.7125918516446,0.891,0.3995,0.491
-17.3412324726796,17.4403408227929,0.892,0.3995,0.491
-17.0629454819258,17.1694423710721,0.893,0.3995,0.491
-16.7860282304368,16.899913673986,0.894,0.3995,0.491
-16.5104980369898,16.631772050657,0.895,0.3995,0.491
-16.2363723628154,16.3650349626643,0.896,0.3995,0.491
-15.9636688124388,16.0997200148851,0.897,0.3995,0.491
-15.6924051345249,15.8358449563393,0.898,0.3995,0.491
-15.4225992227261,15.5734276810382,0.899,0.3995,0.491
-15.154269116535,15.312486228836,0.9,0.3995,0.491
-14.887433002139,15.0530387862857,0.901,0.3995,0.491
-14.6221092132799,14.7951036874976,0.902,0.3995,0.491
-14.3583162321159,14.5386994150024,0.903,0.3995,0.491
-14.0960726900881,14.2838446006167,0.904,0.3995,0.491
-13.8353973687897,14.0305580263129,0.905,0.3995,0.491
-13.5763092008398,13.7788586250927,0.906,0.3995,0.491
-13.3188272707596,13.5287654818635,0.907,0.3995,0.491
-13.0629708158532,13.280297834319,0.908,0.3995,0.491
-12.8087592270914,13.0334750738235,0.909,0.3995,0.491
-12.5562120499996,12.7883167462991,0.91,0.3995,0.491
-12.3053489855489,12.5448425531174,0.911,0.3995,0.491
-12.0561898910507,12.303072351994,0.912,0.3995,0.491
-11.808754781056,12.0630261578877,0.913,0.3995,0.491
-11.563063828257,11.824724143902,0.914,0.3995,0.491
-11.3191373643929,11.5881866421915,0.915,0.3995,0.491
-11.0769958811601,11.3534341448713,0.916,0.3995,0.491
-10.8366600311248,11.1204873049303,0.917,0.3995,0.491
-10.5981506286402,10.889366937148,0.918,0.3995,0.491
-10.361488650767,10.6600940190154,0.919,0.3995,0.491
-10.1266952381979,10.4326896916592,0.92,0.3995,0.491
-9.89379169618568,10.20717526077,0.921,0.3995,0.491
-9.66279949547479,9.983572197534,0.922,0.3995,0.491
-9.43374027323712,9.76190213956865,0.923,0.3995,0.491
-9.20663583401117,9.54218689186197,0.924,0.3995,0.491
-8.98150815064518,9.32444842771562,0.925,0.3995,0.491
-8.75837936524391,9.10870888969178,0.926,0.3995,0.491
-8.53727179011931,8.89499059056374,0.927,0.3995,0.491
-8.31820790874488,8.68331601427037,0.928,0.3995,0.491
-8.10121037671388,8.47370781687436,0.929,0.3995,0.491
-7.8863020227014,8.26618882752422,0.93,0.3995,0.491
-7.67350584943011,8.06078204942016,0.931,0.3995,0.491
-7.46284503464002,7.85751066078381,0.932,0.3995,0.491
-7.25434293206193,7.65639801583171,0.933,0.3995,0.491
-7.04802307239481,7.45746764575271,0.934,0.3995,0.491
-6.843909164287,7.26074325968925,0.935,0.3995,0.491
-6.64202509532133,7.0662487457224,0.936,0.3995,0.491
-6.44239493300406,6.87400817186089,0.937,0.3995,0.491
-6.24504292575776,6.68404578703403,0.938,0.3995,0.491
-6.049993503918,6.49638602208837,0.939,0.3995,0.491
-5.8572712807341,6.31105349078855,0.94,0.3995,0.491
-5.66690105337367,6.12807299082177,0.941,0.3995,0.491
-5.47890780393113,5.94746950480641,0.942,0.3995,0.491
-5.29331670044014,5.76926820130446,0.943,0.3995,0.491
-5.11015309789002,5.59349443583795,0.944,0.3995,0.491
-4.92944253924609,5.42017375190936,0.945,0.3995,0.491
-4.751210756474,5.24933188202593,0.946,0.3995,0.491
-4.57548367156804,5.080994748728,0.947,0.3995,0.491
-4.40228739758342,4.91518846562135,0.948,0.3995,0.491
-4.23164823967254,4.75193933841348,0.949,0.3995,0.491
-4.06359269612534,4.59127386595394,0.95,0.3995,0.491
-3.89814745941355,4.43321874127868,0.951,0.3995,0.491
-3.73533941723909,4.27780085265843,0.952,0.3995,0.491
-3.57519565358638,4.12504728465107,0.953,0.3995,0.491
-3.41774344977886,3.9749853191581,0.954,0.3995,0.491
-3.26301028553937,3.82764243648517,0.955,0.3995,0.491
-3.11102384005481,3.68304631640665,0.956,0.3995,0.491
-2.96181199304469,3.54122483923427,0.957,0.3995,0.491
-2.81540282583388,3.40220608688989,0.958,0.3995,0.491
-2.67182462242946,3.26601834398234,0.959,0.3995,0.491
-2.53110587060158,3.13269009888838,0.96,0.3995,0.491
-2.39327526296856,3.00225004483773,0.961,0.3995,0.491
-2.25836169808606,2.87472708100235,0.962,0.3995,0.491
-2.12639428154036,2.75015031358972,0.963,0.3995,0.491
-1.99740232704584,2.62854905694033,0.964,0.3995,0.491
-1.87141535754663,2.50995283462938,0.965,0.3995,0.491
-1.74846310632234,2.39439138057253,0.966,0.3995,0.491
-1.6285755180981,2.28189464013594,0.967,0.3995,0.491
-1.51178275015865,2.17249277125047,0.968,0.3995,0.491
-1.39811517346675,2.06621614553001,0.969,0.3995,0.491
-1.28760337378573,1.96309534939414,0.97,0.3995,0.491
-1.18027815280628,1.86316118519491,0.971,0.3995,0.491
-1.07617052927747,1.7664446723479,0.972,0.3995,0.491
-0.975311740142015,1.6729770484675,0.973,0.3995,0.491
-0.877733241675792,1.58278977050649,0.974,0.3995,0.491
-0.783466710631596,1.49591451589976,0.975,0.3995,0.491
-0.692544045387202,1.41238318371249,0.976,0.3995,0.491
-0.604997367097682,1.33222789579242,0.977,0.3995,0.491
-0.520859020852031,1.25548099792653,0.978,0.3995,0.491
-0.440161576834085,1.18217506100199,0.979,0.3995,0.491
-0.362937831487757,1.11234288217145,0.98,0.3995,0.491
-0.289220808686596,1.04601748602257,0.981,0.3995,0.491
-0.219043760907676,0.983232125751985,0.982,0.3995,0.491
-0.152440170409835,0.924020284343564,0.983,0.3995,0.491
-0.0894437504162642,0.868415675751016,0.984,0.3995,0.491
-0.0300884463014619,0.816452246084887,0.985,0.3995,0.491
0.0255915632174359,0.768164174803915,0.986,0.3995,0.491
0.0775618648849375,0.723585875910778,0.987,0.3995,0.491
0.125787809707086,0.682751999152233,0.988,0.3995,0.491
0.170234511746939,0.645697431223668,0.989,0.3995,0.491
0.210866846915635,0.612457296978068,0.99,0.3995,0.491
0.247649451759028,0.583066960639407,0.991,0.3995,0.491
0.280546722239887,0.557562027020478,0.992,0.3995,0.491
0.309522812515649,0.535978342745175,0.993,0.3995,0.491
0.334541633711706,0.518351997475236,0.994,0.3995,0.491
0.355566852690232,0.504719325141443,0.995,0.3995,0.491
0.372561890814521,0.495116905179321,0.996,0.3995,0.491
0.385489922708839,0.489581563769309,0.997,0.3995,0.491
0.394313875013778,0.488150375081446,0.998,0.3995,0.491
0.398996425137088,0.490860662524564,0.999,0.3995,0.491
0.3995,0.49775,1,0.3995,0.491
